  14848 22
    606 23
    170 5358
     82 7547
     59 1900
     41 3389
     33 6789
     32 2323
     25 80
     20 5060
     15 443
     12 1433
     11 3306
      9 8080
      9 53
      9 123
      9 1099
      8 2222
      6 4899
      5 3394
      5 3392
      4 3393
      4 3390
      3 9200
      3 8883
      3 82
      3 81
      3 8089
      3 8000
      3 6379
      3 445
      3 3395
      3 3391
      3 3388
      3 19058
      3 161
      3 137
      3 110
      2 993
      2 990
      2 9100
      2 8087
      2 8081
      2 5900
      2 47808
      2 3489
      2 3387
      2 3385
      2 3383
      2 27017
      2 25
      2 23231
      2 21
      2 1962
      2 19
      2 17
      2 1434
      2 111
      1 987
      1 9797
      1 963
      1 902
      1 9009
      1 9000
      1 8998
      1 888
      1 88
      1 8123
      1 8010
      1 8009
      1 789
      1 7824
      1 7777
      1 7589
      1 7389
      1 69
      1 623
      1 614
      1 5902
      1 587
      1 5800
      1 5672
      1 5560
      1 5555
      1 5357
      1 5353
      1 5351
      1 53413
      1 523
      1 520
      1 513
      1 5091
      1 5090
      1 5081
      1 5080
      1 5071
      1 5070
      1 5061
      1 5050
      1 502
      1 5001
      1 500
      1 4848
      1 4789
      1 465
      1 438
      1 4189
      1 4090
      1 4036
      1 4028
      1 401
      1 4001
      1 4000
      1 389
      1 3714
      1 3700
      1 3589
      1 3541
      1 3490
      1 3488
      1 3404
      1 3401
      1 3400
      1 3399
      1 3398
      1 3397
      1 3396
      1 33899
      1 3386
      1 3384
      1 3382
      1 3381
      1 3380
      1 3379
      1 3371
      1 3344
      1 33389
      1 3307
      1 3300
      1 3127
      1 3025
      1 26
      1 2483
      1 2375
      1 21320
      1 2083
      1 1911
      1 1883
      1 177
      1 1701
      1 143
      1 139
      1 138
      1 135
      1 1200
      1 119
      1 118
      1 11211
      1 109
      1 1025
      1 1010
