4134 142
3462 70
4837 62
9121 54
45899 50
4766 47
7552 29
6939 27
18881 26
28573 25
9829 24
45595 20
18403 16
8151 14
24560 14
12876 12
34984 12
2379 11
12880 11
63949 11
3269 11
9318 10
3786 10
36351 10
22927 10
10439 9
7738 9
42570 9
8167 9
12389 8
9050 8
13489 7
23724 7
24086 7
5617 7
9808 7
29073 7
17974 7
14061 6
9319 6
8708 5
45374 5
9498 5
45629 5
8100 5
12322 5
16276 5
7545 5
8452 5
23650 5
27699 5
10175 4
7418 4
7470 4
14618 4
9781 4
9757 4
9304 4
1221 4
39501 4
23969 4
7922 4
17608 4
3215 4
60144 3
24445 3
4788 3
58224 3
6799 3
17813 3
4780 3
20473 3
17552 3
8048 3
9394 3
9924 3
56046 3
12271 3
11427 3
44395 3
4808 3
24961 3
26615 3
48159 3
6830 3
17816 3
8376 3
20001 3
8926 3
134764 3
3816 3
39611 2
10620 2
11556 2
6471 2
2609 2
7303 2
25513 2
6648 2
46664 2
15169 2
9943 2
30083 2
8866 2
58879 2
9116 2
20860 2
21826 2
9105 2
17638 2
5639 2
10036 2
38673 2
59025 2
22047 2
37943 2
24439 2
48939 2
11830 2
4609 2
4847 2
10481 2
131596 2
56209 2
63859 2
21034 2
45543 2
22561 2
33363 2
64484 2
50673 2
3352 2
27747 2
50613 2
2519 2
1267 2
7018 2
1659 2
5384 2
53006 2
131090 2
2518 2
9443 2
12978 2
37457 2
6128 2
27983 2
5483 2
52860 2
24940 2
8551 2
41231 2
4816 2
25019 2
18209 2
393406 2
38684 2
60115 2
8972 2
19318 2
28220 2
28146 1
262825 1
53022 1
11588 1
45528 1
19863 1
42610 1
41937 1
4538 1
12844 1
12695 1
43754 1
9506 1
12400 1
24751 1
2514 1
209 1
38623 1
47956 1
21479 1
59587 1
18116 1
58085 1
55053 1
52892 1
9416 1
196629 1
8402 1
262595 1
21378 1
133229 1
20940 1
17962 1
55720 1
28037 1
48924 1
42511 1
197068 1
1680 1
701 1
51852 1
35662 1
8371 1
10143 1
55351 1
53162 1
9299 1
20845 1
57812 1
52963 1
51074 1
6821 1
35549 1
12705 1
8717 1
39308 1
12353 1
7029 1
5466 1
28753 1
6327 1
7643 1
41997 1
19531 1
22689 1
30836 1
27976 1
12036 1
714 1
23889 1
25248 1
10164 1
43765 1
23893 1
262893 1
58678 1
35804 1
10029 1
24750 1
42429 1
16322 1
3301 1
49754 1
10429 1
394907 1
12952 1
25697 1
3320 1
15924 1
48945 1
53054 1
18033 1
577 1
6983 1
14576 1
10318 1
23201 1
24492 1
134763 1
27696 1
45758 1
16342 1
9125 1
133275 1
10617 1
15895 1
23367 1
2516 1
39442 1
8416 1
9694 1
35819 1
7430 1
6752 1
45117 1
12849 1
42346 1
8400 1
12741 1
50543 1
18101 1
4283 1
9484 1
4771 1
9381 1
15732 1
264054 1
38283 1
12252 1
52829 1
56040 1
41989 1
37963 1
3734 1
14522 1
38661 1
31252 1
42863 1
6856 1
262462 1
22110 1
45903 1
29667 1
3253 1
206976 1
13188 1
135182 1
26599 1
13056 1
51200 1
6332 1
62250 1
12912 1
39309 1
24309 1
30689 1
62943 1
4713 1
4739 1
38285 1
47442 1
34296 1
21365 1
8163 1
198610 1
5615 1
31208 1
134084 1
12715 1
27738 1
22381 1
132933 1
17917 1
44945 1
27953 1
15146 1
20454 1
59162 1
4804 1
10094 1
19994 1
3265 1
18049 1
49717 1
12042 1
23888 1
15673 1
28890 1
12430 1
8447 1
23487 1
394795 1
32020 1
17444 1
56779 1
262995 1
22781 1
18809 1
56934 1
8374 1
39651 1
50919 1
49851 1
36947 1
263521 1
49453 1
23974 1
15557 1
14992 1
44050 1
27879 1
20738 1
14868 1
28725 1
14117 1
264005 1
7456 1
27665 1
46652 1
9976 1
11404 1
2856 1
6849 1
29066 1
36352 1
35807 1
47562 1
4775 1
61825 1
133398 1
30838 1
48422 1
12436 1
51782 1
41852 1
23923 1
47610 1
25144 1
28126 1
3243 1
32748 1
262690 1
6503 1
18106 1
36903 1
28812 1
174 1
9329 1
16509 1
4657 1
7562 1
27176 1
51167 1
60392 1
11426 1
132948 1
6876 1
48161 1
32475 1
18182 1
50810 1
9600 1
26496 1
14080 1
41881 1
11351 1
39216 1
39273 1
9246 1
57888 1
21804 1
60073 1
206975 1
